# remove_extras([]) == []
[]
# remove_extras([1, 1, 2, 3]) == [1, 2, 3]
[1, 1, 2, 3]
# remove_extras([0, 0, 1]) == [0, 1]
[0, 0, 1]
# remove_extras([3, 4, 5, 5]) == [3, 4, 5]
[3, 4, 5, 5]
# remove_extras([4, 6, 89, 89]) == [4, 6, 89]
[4, 6, 89, 89]
# remove_extras([1, 5, 7, 7, 9]) == [1, 5, 7, 9]
[1, 5, 7, 7, 9]
# remove_extras([5, 2, 2, 2, 3]) == [5, 2, 3]
[5, 2, 2, 2, 3]
# remove_extras([5, 2, 1, 2, 3]) == [5, 2, 1, 3]
[5, 2, 1, 2, 3]
# remove_extras([1, 5, 1, 1, 3, 2]) == [1, 5, 3, 2]
[1, 5, 1, 1, 3, 2]
# [1, 1, 1, 1, 1, 1, 1] == [1]
[1, 1, 1, 1, 1, 1, 1]
# [1, 1] == [1]
[1, 1]
# [1, 2, 3, 4, 5] == [1, 2, 3, 4, 5]
[1, 2, 3, 4, 5]
# [1, 1, 1, 1, 2] == [1, 2]
[1, 1, 1, 1, 2]
# [1, 2, 1, 2, 1, 2] == [1, 2]
[1, 2, 1, 2, 1, 2]
# ["a"] == ["a"]
["a"]