# insert_index([], 0) == 0
[], 0
# insert_index([1], 1) == 0
[1], 1
# insert_index([1], 2) == 1
[1], 2
# insert_index([0], -1) == 0
[0], -1
# insert_index([10, 20, 30], 1) == 0
[10, 20, 30], 1
# insert_index([10, 20, 30], 40) == 3
[10, 20, 30], 40
# insert_index([10, 20, 30], 15) == 1
[10, 20, 30], 15
# insert_index([10, 20, 20, 30], 25) == 3
[10, 20, 20, 30], 25
# insert_index([10, 20, 20, 30], 20) == 1
[10, 20, 20, 30], 20
# insert_index((1, 2, 3, 4), 2) == 1
(1, 2, 3, 4), 2
# insert_index([10, 10, 10, 20, 30], 0) == 0
[10, 10, 10, 20, 30], 0
# insert_index([10, 10, 10, 20, 30], 10) == 0
[10, 10, 10, 20, 30], 10
# insert_index([10, 10, 20, 30, 30], 30) == 3
[10, 10, 20, 30, 30], 30
# insert_index([10, 10, 20, 30, 30], 40) == 5
[10, 10, 20, 30, 30], 40
